51b14f040cf6b6fd5463bd0dc53f98e99072c5c80dfde60a	78814f040cf6b6fd5463bd0dc53f98e99072c5c80dfde60a	51b14f040cf6b6fd5463bd0dc53f98e99072c5c80dfde60a	20170616216425	554	-37	1	1	1	1
5cb24c060ff0b0ff8963df9e7d232fdde20b34d9229be46d10e02b4e	78814f040cf6b6fd5463bd0dc53f98e99072c5c80dfde60a	5cb24c060ff0b0ff8963df9e7d0de26fdde20b34d9229be46d10e02b4e	20170616111125	554	-37	1	1	1	1
51b14f040cf6b6fd5463bd0dc53f98e99072c5c80dfde60a	78814f040cf6b6fd5463bd0dc53f98e99072c5c80dfde60a	51b14f040cf6b6fd5463bd0dc53f98e99072c5c80dfde60a	20170616111125	554	-37	1	1	1	1
52b24c0b0ef9b7ffa5620b252de223fb15f9bdd66e913233	78814f040cf6b6fd5463bd0dc53f98e99072c5c80dfde60a	52b24c0b0ef9b7ffa5620b252de223fb15f9bdd66e913233	20170612111125	554	-37	1	1	1	1
51b14f040cf6b6fd5463bd0dc53f98e99072c5c80dfde60a	78814f040cf6b6fd5463bd0dc53f98e99072c5c80dfde60a	51b14f040cf6b6fd5463bd0dc53f98e99072c5c80dfde60a	20170616111125	554	-37	1	1	1	1
51b14f040cf6b6fd5463bd0dc53f98e99072c5c80dfde60a	78814f040cf6b6fd5463bd0dc53f98e99072c5c80dfde60a	51b14f040cf6b6fd5463bd0dc53f98e99072c5c80dfde60a	20170612111125	554	-37	1	1	1	1
52b24c0b0ef9b7ffa5620b252de223fb15f9bdd66e913233	78814f040cf6b6fd5463bd0dc53f98e99072c5c80dfde60a	52b24c0b0ef9b7ffa5620b252de223fb15f9bdd66e913233	20170616111125	554	-37	1	1	1	1
51b14f040cf6b6fd5463bd0dc53f98e99072c5c80dfde60a	78814f040cf6b6fd5463bd0dc53f98e99072c5c80dfde60a	51b14f040cf6b6fd5463bd0dc53f98e99072c5c80dfde60a	20170616111125	554	-37	1	1	1	1
5cb24c060ff0b0ff8963df9220de26fdde20b34d9229be46d10e02b4e	78814f040cf6b6fd5463bd0dc53f98e99072c5c80dfde60a	5cb24c060ff0b0ff8963df9e7d0de26fdde20b34d9229be46d10e02b4e	20170616111125	554	-37	1	1	1	1
51b14f040cf6b6fd5463bd0dc53f98e99072c5c80dfde60a	78814f040cf6b6fd5463bd0dc53f98e99072c5c80dfde60a	51b14f040cf6b6fd5463bd0dc53f98e99072c5c80dfde60a	20170616111125	554	-37	1	1	1	1
51b14f040cf6b6fd5463bd0dc53f98e99072c5c80dfde60a	78814f040cf6b6fd5463bd0dc53f98e99072c5c80dfde60a	51b14f040cf6b6fd5463bd0dc53f98e99072c5c80dfde60a	20170611111125	554	-37	1	1	1	1
51b14f040cf6b6fd5463bd0dc53f98e99072c5c80dfde60a	78814f040cf6b6fd5463bd0dc53f98e99072c5c80dfde60a	51b14f040cf6b6fd5463bd0dc53f98e99072c5c80dfde60a	20170616111125	554	-37	1	1	1	1
5cb24c060ff0b0ff8963df9e7d0de26fdde20b34d9229be46d10e02b4e	78814f040cf6b6fd5463bd0dc53f98e99072c5c80dfde60a	5cb24c060ff0b0ff8963df9e7d0de26fdde20b34d9229be46d10e02b4e	20170616111125	554	-37	1	1	1	1
51b14f040cf6b6fd5463bd0dc53f98e99072c5c80dfde60a	78814f040cf6b6fd5463bd0dc53f98e99072c5c80dfde60a	51b14f040cf6b6fd5463bd0dc53f98e99072c5c80dfde60a	20170616111125	554	-37	1	1	1	1
52b24c0b0ef9b7ffa5620b25223fb15f9bdd66e913233	78814f040cf6b6fd5463bd0dc53f98e99072c5c80dfde60a	52b24c0b0ef9b7ffa5620b252de223fb15f9bdd66e913233	20170616111125	554	-37	1	1	1	1
51b14f040cf6b6fd5463bd0dc53f98e99072c5c80dfde60a	78814f040cf6b6fd5463bd0dc53f98e99072c5c80dfde60a	51b14f040cf6b6fd5463bd0dc53f98e99072c5c80dfde60a	20170616111125	554	-37	1	1	1	1
51b14f040cf6b6fd5463bd0dc53f98e99072c5c80dfde60a	78814f040cf6b6fd5463bd0dc53f98e99072c5c80dfde60a	51b14f040cf6b6fd5463bd0dc53f98e99072c5c80dfde60a	20170616111125	554	-37	1	1	1	1
52b24c0b0ef9b7ffa5620b252de223fb15f9bdd66e913233	78814f040cf6b6fd5463bd0dc53f98e99072c5c80dfde60a	52b24c0b0ef9b7ffa5620b252de223fb15f9bdd66e913233	20170616111125	554	-37	1	1	1	1
51b14f040cf6b6fd5463bd0dc53f98e99072c5c80dfde60a	78814f040cf6b6fd5463bd0dc53f98e99072c5c80dfde60a	51b14f040cf6b6fd5463bd0dc53f98e99072c5c80dfde60a	20170606111125	554	-37	1	1	1	1
5cb24c060ff0b0ff8963df923fdde20b34d9229be46d10e02b4e	78814f040cf6b6fd5463bd0dc53f98e99072c5c80dfde60a	5cb24c060ff0b0ff8963df9e7d0de26fdde20b34d9229be46d10e02b4e	20170616111125	554	-37	1	1	1	1
51b14f040cf6b6fd5463bd0dc53f98e99072c5c80dfde60a	78814f040cf6b6fd5463bd0dc53f98e99072c5c80dfde60a	51b14f040cf6b6fd5463bd0dc53f98e99072c5c80dfde60a	20170616111125	554	-37	1	1	1	1
51b14f040cf6b6fd5463bd0dc53f98e99072c5c80dfde60a	78814f040cf6b6fd5463bd0dc53f98e99072c5c80dfde60a	51b14f040cf6b6fd5463bd0dc53f98e99072c5c80dfde60a	20170622111125	554	-37	1	1	1	1
51b14f040cf6b6fd5463bd0dc53f98e99072c5c80dfde60a	78814f040cf6b6fd5463bd0dc53f98e99072c5c80dfde60a	51b14f040cf6b6fd5463bd0dc53f98e99072c5c80dfde60a	20170616111125	554	-37	1	1	1	1
5cb24c060ff0b0ff8963df9e7d0de26fdde20b34d9229be46d10e02b4e	78814f040cf6b6fd5463bd0dc53f98e99072c5c80dfde60a	5cb24c060ff0b0ff8963df9e7d0de26fdde20b34d9229be46d10e02b4e	20170616111125	554	-37	1	1	1	1
51b14f040cf6b6fd5463bd0dc53f98e99072c5c80dfde60a	78814f040cf6b6fd5463bd0dc53f98e99072c5c80dfde60a	51b14f040cf6b6fd5463bd0dc53f98e99072c5c80dfde60a	20170616111125	554	-37	1	1	1	1
52b24c0b0ef9b7ffa5620b2212de223fb15f9bdd66e913233	78814f040cf6b6fd5463bd0dc53f98e99072c5c80dfde60a	52b24c0b0ef9b7ffa5620b252de223fb15f9bdd66e913233	20170623111125	554	-37	1	1	1	1
51b14f040cf6b6fd5463bd0dc53f98e99072c5c80dfde60a	78814f040cf6b6fd5463bd0dc53f98e99072c5c80dfde60a	51b14f040cf6b6fd5463bd0dc53f98e99072c5c80dfde60a	20170616111125	554	-37	1	1	1	1
51b14f040cf6b6fd5463bd0dc53f98e99072c5c80dfde60a	78814f040cf6b6fd5463bd0dc53f98e99072c5c80dfde60a	51b14f040cf6b6fd5463bd0dc53f98e99072c5c80dfde60a	20170616111125	554	-37	1	1	1	1
52b24c0b0ef9b7ffa5620b12e223fb15f9bdd66e913233	78814f040cf6b6fd5463bd0dc53f98e99072c5c80dfde60a	52b24c0b0ef9b7ffa5620b252de223fb15f9bdd66e913233	20170616111125	554	-37	1	1	1	1
51b14f040cf6b6fd5463bd0dc53f98e99072c5c80dfde60a	78814f040cf6b6fd5463bd0dc53f98e99072c5c80dfde60a	51b14f040cf6b6fd5463bd0dc53f98e99072c5c80dfde60a	20170616111125	554	-37	1	1	1	1
5cb24c060ff0b0ff8963df954e26fdde20b34d9229be46d10e02b4e	78814f040cf6b6fd5463bd0dc53f98e99072c5c80dfde60a	5cb24c060ff0b0ff8963df9e7d0de26fdde20b34d9229be46d10e02b4e	20170616111125	554	-37	1	1	1	1
51b14f040cf6b6fd5463bd0dc53f98e99072c5c80dfde60a	78814f040cf6b6fd5463bd0dc53f98e99072c5c80dfde60a	51b14f040cf6b6fd5463bd0dc53f98e99072c5c80dfde60a	20170608111125	554	-37	1	1	1	1
51b14f040cf6b6fd5463bd43428e99072c5c80dfde60a	78814f040cf6b6fd5463bd0dc53f98e99072c5c80dfde60a	51b14f040cf6b6fd5463bd0dc53f98e99072c5c80dfde60a	20170616111125	554	-37	1	1	1	1